$ 1 0.000005 7.010541234668786 58 5 43 5e-11
r 32 224 96 224 0 10000
v 16 304 16 240 0 2 10 5 0 0 0.5
w 16 240 16 224 0
w 16 224 32 224 0
g 16 304 16 320 0 0
f 112 224 160 224 32 1.5 0.02
w 96 224 112 224 0
w 160 192 176 192 0
w 160 192 160 176 0
r 160 176 160 112 0 120000
v -64 304 -64 240 0 0 40 12 0 0 0.5
g -64 304 -64 320 0 0
g 160 240 160 272 0 0
w 160 192 160 208 0
207 -64 240 -64 208 4 \p12V
207 160 112 160 80 4 \p12V
207 240 112 240 80 4 \p12V
f 176 224 240 224 32 1.5 0.02
207 176 192 208 192 4 SET
w 176 192 176 224 0
r 240 176 240 112 0 120000
w 240 176 240 192 0
w 240 192 256 192 0
w 240 208 240 192 0
207 256 192 288 192 4 RESET
g 240 240 240 272 0 0
f 112 528 160 528 32 1.5 0.02
f 256 528 304 528 32 1.5 0.02
f 352 528 400 528 32 1.5 0.02
c 192 512 192 544 0 5.000000000000001e-7 0.0007166403267248343 0.001
r 160 432 160 480 0 80000
w 160 480 160 496 0
w 160 512 160 496 0
w 160 496 192 496 0
w 192 496 192 512 0
w 160 544 160 560 0
w 160 560 192 560 0
w 192 544 192 560 0
207 112 528 80 528 4 SET
w 112 528 112 416 0
w 112 416 352 416 0
207 160 432 160 384 4 \p12V
w 192 496 256 496 0
w 256 496 256 528 0
w 192 560 304 560 0
w 304 544 304 560 0
w 304 512 304 496 0
r 304 432 304 480 0 120000
w 304 480 304 496 0
w 304 496 352 496 0
w 352 496 352 528 0
207 304 432 304 384 4 \p12V
f 352 448 400 448 33 1.5 0.02
w 352 416 352 448 0
w 400 512 416 512 0
w 416 464 400 464 0
207 400 432 400 384 4 \p12V
w 304 560 400 560 0
w 400 544 400 560 0
g 304 560 304 576 0 0
g 704 560 704 576 0 0
w 800 544 800 560 0
w 704 560 800 560 0
207 800 432 800 384 4 \p12V
w 816 464 800 464 0
w 800 512 816 512 0
w 752 416 752 448 0
f 752 448 800 448 33 1.5 0.02
207 704 432 704 384 4 \p12V
w 752 496 752 528 0
w 704 496 752 496 0
w 704 480 704 496 0
r 704 432 704 480 0 120000
w 704 512 704 496 0
w 704 544 704 560 0
w 592 560 704 560 0
w 656 496 656 528 0
w 592 496 656 496 0
207 560 432 560 384 4 \p12V
w 512 416 752 416 0
w 512 528 512 416 0
207 512 528 480 528 4 RESET
w 592 544 592 560 0
w 560 560 592 560 0
w 560 544 560 560 0
w 592 496 592 512 0
w 560 496 592 496 0
w 560 512 560 496 0
w 560 480 560 496 0
r 560 432 560 480 0 80000
c 592 512 592 544 0 5.000000000000001e-7 4.366623522818201 0.001
f 752 528 800 528 32 1.5 0.02
f 656 528 704 528 32 1.5 0.02
f 512 528 560 528 32 1.5 0.02
r 416 464 416 512 0 1028
r 816 464 816 512 0 1028
o 18 64 0 4098 20 0.1 0 2 24 0
o 55 64 0 4098 20 0.1 1 2 64 0
o 55 64 3 12289 0.0001 0.01156554419504998 2 2 64 3
o 14 64 0 4097 20 0.1 3 2 14 3
